vertex(0.437500,0.164063,0.765625);
vertex(-0.437500,0.164063,0.765625);
vertex(0.500000,0.093750,0.687500);
vertex(-0.500000,0.093750,0.687500);
vertex(0.546875,0.054688,0.578125);
vertex(-0.546875,0.054688,0.578125);
vertex(0.351563,-0.023438,0.617188);
vertex(-0.351563,-0.023438,0.617188);
vertex(0.351563,0.031250,0.718750);
vertex(-0.351563,0.031250,0.718750);
vertex(0.351563,0.132813,0.781250);
vertex(-0.351563,0.132813,0.781250);
vertex(0.273438,0.164063,0.796875);
vertex(-0.273438,0.164063,0.796875);
vertex(0.203125,0.093750,0.742188);
vertex(-0.203125,0.093750,0.742188);
vertex(0.156250,0.054688,0.648438);
vertex(-0.156250,0.054688,0.648438);
vertex(0.078125,0.242188,0.656250);
vertex(-0.078125,0.242188,0.656250);
vertex(0.140625,0.242188,0.742188);
vertex(-0.140625,0.242188,0.742188);
vertex(0.242188,0.242188,0.796875);
vertex(-0.242188,0.242188,0.796875);
vertex(0.273438,0.328125,0.796875);
vertex(-0.273438,0.328125,0.796875);
vertex(0.203125,0.390625,0.742188);
vertex(-0.203125,0.390625,0.742188);
vertex(0.156250,0.437500,0.648438);
vertex(-0.156250,0.437500,0.648438);
vertex(0.351563,0.515625,0.617188);
vertex(-0.351563,0.515625,0.617188);
vertex(0.351563,0.453125,0.718750);
vertex(-0.351563,0.453125,0.718750);
vertex(0.351563,0.359375,0.781250);
vertex(-0.351563,0.359375,0.781250);
vertex(0.437500,0.328125,0.765625);
vertex(-0.437500,0.328125,0.765625);
vertex(0.500000,0.390625,0.687500);
vertex(-0.500000,0.390625,0.687500);
vertex(0.546875,0.437500,0.578125);
vertex(-0.546875,0.437500,0.578125);
vertex(0.625000,0.242188,0.562500);
vertex(-0.625000,0.242188,0.562500);
vertex(0.562500,0.242188,0.671875);
vertex(-0.562500,0.242188,0.671875);
vertex(0.468750,0.242188,0.757813);
vertex(-0.468750,0.242188,0.757813);
vertex(0.476563,0.242188,0.773438);
vertex(-0.476563,0.242188,0.773438);
vertex(0.445313,0.335938,0.781250);
vertex(-0.445313,0.335938,0.781250);
vertex(0.351563,0.375000,0.804688);
vertex(-0.351563,0.375000,0.804688);
vertex(0.265625,0.335938,0.820313);
vertex(-0.265625,0.335938,0.820313);
vertex(0.226563,0.242188,0.820313);
vertex(-0.226563,0.242188,0.820313);
vertex(0.265625,0.156250,0.820313);
vertex(-0.265625,0.156250,0.820313);
vertex(0.351563,0.242188,0.828125);
vertex(-0.351563,0.242188,0.828125);
vertex(0.351563,0.117188,0.804688);
vertex(-0.351563,0.117188,0.804688);
vertex(0.445313,0.156250,0.781250);
vertex(-0.445313,0.156250,0.781250);
vertex(0.000000,0.429688,0.742188);
vertex(0.000000,0.351563,0.820313);
vertex(0.000000,-0.679688,0.734375);
vertex(0.000000,-0.320313,0.781250);
vertex(0.000000,-0.187500,0.796875);
vertex(0.000000,-0.773438,0.718750);
vertex(0.000000,0.406250,0.601563);
vertex(0.000000,0.570313,0.570313);
vertex(0.000000,0.898438,-0.546875);
vertex(0.000000,0.562500,-0.851563);
vertex(0.000000,0.070313,-0.828125);
vertex(0.000000,-0.382813,-0.351563);
vertex(0.203125,-0.187500,0.562500);
vertex(-0.203125,-0.187500,0.562500);
vertex(0.312500,-0.437500,0.570313);
vertex(-0.312500,-0.437500,0.570313);
vertex(0.351563,-0.695313,0.570313);
vertex(-0.351563,-0.695313,0.570313);
vertex(0.367188,-0.890625,0.531250);
vertex(-0.367188,-0.890625,0.531250);
vertex(0.328125,-0.945313,0.523438);
vertex(-0.328125,-0.945313,0.523438);
vertex(0.179688,-0.968750,0.554688);
vertex(-0.179688,-0.968750,0.554688);
vertex(0.000000,-0.984375,0.578125);
vertex(0.437500,-0.140625,0.531250);
vertex(-0.437500,-0.140625,0.531250);
vertex(0.632813,-0.039063,0.539063);
vertex(-0.632813,-0.039063,0.539063);
vertex(0.828125,0.148438,0.445313);
vertex(-0.828125,0.148438,0.445313);
vertex(0.859375,0.429688,0.593750);
vertex(-0.859375,0.429688,0.593750);
vertex(0.710938,0.484375,0.625000);
vertex(-0.710938,0.484375,0.625000);
vertex(0.492188,0.601563,0.687500);
vertex(-0.492188,0.601563,0.687500);
vertex(0.320313,0.757813,0.734375);
vertex(-0.320313,0.757813,0.734375);
vertex(0.156250,0.718750,0.757813);
vertex(-0.156250,0.718750,0.757813);
vertex(0.062500,0.492188,0.750000);
vertex(-0.062500,0.492188,0.750000);
vertex(0.164063,0.414063,0.773438);
vertex(-0.164063,0.414063,0.773438);
vertex(0.125000,0.304688,0.765625);
vertex(-0.125000,0.304688,0.765625);
vertex(0.203125,0.093750,0.742188);
vertex(-0.203125,0.093750,0.742188);
vertex(0.375000,0.015625,0.703125);
vertex(-0.375000,0.015625,0.703125);
vertex(0.492188,0.062500,0.671875);
vertex(-0.492188,0.062500,0.671875);
vertex(0.625000,0.187500,0.648438);
vertex(-0.625000,0.187500,0.648438);
vertex(0.640625,0.296875,0.648438);
vertex(-0.640625,0.296875,0.648438);
vertex(0.601563,0.375000,0.664063);
vertex(-0.601563,0.375000,0.664063);
vertex(0.429688,0.437500,0.718750);
vertex(-0.429688,0.437500,0.718750);
vertex(0.250000,0.468750,0.757813);
vertex(-0.250000,0.468750,0.757813);
vertex(0.000000,-0.765625,0.734375);
vertex(0.109375,-0.718750,0.734375);
vertex(-0.109375,-0.718750,0.734375);
vertex(0.117188,-0.835938,0.710938);
vertex(-0.117188,-0.835938,0.710938);
vertex(0.062500,-0.882813,0.695313);
vertex(-0.062500,-0.882813,0.695313);
vertex(0.000000,-0.890625,0.687500);
vertex(0.000000,-0.195313,0.750000);
vertex(0.000000,-0.140625,0.742188);
vertex(0.101563,-0.148438,0.742188);
vertex(-0.101563,-0.148438,0.742188);
vertex(0.125000,-0.226563,0.750000);
vertex(-0.125000,-0.226563,0.750000);
vertex(0.085938,-0.289063,0.742188);
vertex(-0.085938,-0.289063,0.742188);
vertex(0.398438,-0.046875,0.671875);
vertex(-0.398438,-0.046875,0.671875);
vertex(0.617188,0.054688,0.625000);
vertex(-0.617188,0.054688,0.625000);
vertex(0.726563,0.203125,0.601563);
vertex(-0.726563,0.203125,0.601563);
vertex(0.742188,0.375000,0.656250);
vertex(-0.742188,0.375000,0.656250);
vertex(0.687500,0.414063,0.726563);
vertex(-0.687500,0.414063,0.726563);
vertex(0.437500,0.546875,0.796875);
vertex(-0.437500,0.546875,0.796875);
vertex(0.312500,0.640625,0.835938);
vertex(-0.312500,0.640625,0.835938);
vertex(0.203125,0.617188,0.851563);
vertex(-0.203125,0.617188,0.851563);
vertex(0.101563,0.429688,0.843750);
vertex(-0.101563,0.429688,0.843750);
vertex(0.125000,-0.101563,0.812500);
vertex(-0.125000,-0.101563,0.812500);
vertex(0.210938,-0.445313,0.710938);
vertex(-0.210938,-0.445313,0.710938);
vertex(0.250000,-0.703125,0.687500);
vertex(-0.250000,-0.703125,0.687500);
vertex(0.265625,-0.820313,0.664063);
vertex(-0.265625,-0.820313,0.664063);
vertex(0.234375,-0.914063,0.632813);
vertex(-0.234375,-0.914063,0.632813);
vertex(0.164063,-0.929688,0.632813);
vertex(-0.164063,-0.929688,0.632813);
vertex(0.000000,-0.945313,0.640625);
vertex(0.000000,0.046875,0.726563);
vertex(0.000000,0.210938,0.765625);
vertex(0.328125,0.476563,0.742188);
vertex(-0.328125,0.476563,0.742188);
vertex(0.164063,0.140625,0.750000);
vertex(-0.164063,0.140625,0.750000);
vertex(0.132813,0.210938,0.757813);
vertex(-0.132813,0.210938,0.757813);
vertex(0.117188,-0.687500,0.734375);
vertex(-0.117188,-0.687500,0.734375);
vertex(0.078125,-0.445313,0.750000);
vertex(-0.078125,-0.445313,0.750000);
vertex(0.000000,-0.445313,0.750000);
vertex(0.000000,-0.328125,0.742188);
vertex(0.093750,-0.273438,0.781250);
vertex(-0.093750,-0.273438,0.781250);
vertex(0.132813,-0.226563,0.796875);
vertex(-0.132813,-0.226563,0.796875);
vertex(0.109375,-0.132813,0.781250);
vertex(-0.109375,-0.132813,0.781250);
vertex(0.039063,-0.125000,0.781250);
vertex(-0.039063,-0.125000,0.781250);
vertex(0.000000,-0.203125,0.828125);
vertex(0.046875,-0.148438,0.812500);
vertex(-0.046875,-0.148438,0.812500);
vertex(0.093750,-0.156250,0.812500);
vertex(-0.093750,-0.156250,0.812500);
vertex(0.109375,-0.226563,0.828125);
vertex(-0.109375,-0.226563,0.828125);
vertex(0.078125,-0.250000,0.804688);
vertex(-0.078125,-0.250000,0.804688);
vertex(0.000000,-0.289063,0.804688);
vertex(0.257813,-0.312500,0.554688);
vertex(-0.257813,-0.312500,0.554688);
vertex(0.164063,-0.242188,0.710938);
vertex(-0.164063,-0.242188,0.710938);
vertex(0.179688,-0.312500,0.710938);
vertex(-0.179688,-0.312500,0.710938);
vertex(0.234375,-0.250000,0.554688);
vertex(-0.234375,-0.250000,0.554688);
vertex(0.000000,-0.875000,0.687500);
vertex(0.046875,-0.867188,0.687500);
vertex(-0.046875,-0.867188,0.687500);
vertex(0.093750,-0.820313,0.710938);
vertex(-0.093750,-0.820313,0.710938);
vertex(0.093750,-0.742188,0.726563);
vertex(-0.093750,-0.742188,0.726563);
vertex(0.000000,-0.781250,0.656250);
vertex(0.093750,-0.750000,0.664063);
vertex(-0.093750,-0.750000,0.664063);
vertex(0.093750,-0.812500,0.640625);
vertex(-0.093750,-0.812500,0.640625);
vertex(0.046875,-0.851563,0.632813);
vertex(-0.046875,-0.851563,0.632813);
vertex(0.000000,-0.859375,0.632813);
vertex(0.171875,0.218750,0.781250);
vertex(-0.171875,0.218750,0.781250);
vertex(0.187500,0.156250,0.773438);
vertex(-0.187500,0.156250,0.773438);
vertex(0.335938,0.429688,0.757813);
vertex(-0.335938,0.429688,0.757813);
vertex(0.273438,0.421875,0.773438);
vertex(-0.273438,0.421875,0.773438);
vertex(0.421875,0.398438,0.773438);
vertex(-0.421875,0.398438,0.773438);
vertex(0.562500,0.351563,0.695313);
vertex(-0.562500,0.351563,0.695313);
vertex(0.585938,0.289063,0.687500);
vertex(-0.585938,0.289063,0.687500);
vertex(0.578125,0.195313,0.679688);
vertex(-0.578125,0.195313,0.679688);
vertex(0.476563,0.101563,0.718750);
vertex(-0.476563,0.101563,0.718750);
vertex(0.375000,0.062500,0.742188);
vertex(-0.375000,0.062500,0.742188);
vertex(0.226563,0.109375,0.781250);
vertex(-0.226563,0.109375,0.781250);
vertex(0.179688,0.296875,0.781250);
vertex(-0.179688,0.296875,0.781250);
vertex(0.210938,0.375000,0.781250);
vertex(-0.210938,0.375000,0.781250);
vertex(0.234375,0.359375,0.757813);
vertex(-0.234375,0.359375,0.757813);
vertex(0.195313,0.296875,0.757813);
vertex(-0.195313,0.296875,0.757813);
vertex(0.242188,0.125000,0.757813);
vertex(-0.242188,0.125000,0.757813);
vertex(0.375000,0.085938,0.726563);
vertex(-0.375000,0.085938,0.726563);
vertex(0.460938,0.117188,0.703125);
vertex(-0.460938,0.117188,0.703125);
vertex(0.546875,0.210938,0.671875);
vertex(-0.546875,0.210938,0.671875);
vertex(0.554688,0.281250,0.671875);
vertex(-0.554688,0.281250,0.671875);
vertex(0.531250,0.335938,0.679688);
vertex(-0.531250,0.335938,0.679688);
vertex(0.414063,0.390625,0.750000);
vertex(-0.414063,0.390625,0.750000);
vertex(0.281250,0.398438,0.765625);
vertex(-0.281250,0.398438,0.765625);
vertex(0.335938,0.406250,0.750000);
vertex(-0.335938,0.406250,0.750000);
vertex(0.203125,0.171875,0.750000);
vertex(-0.203125,0.171875,0.750000);
vertex(0.195313,0.226563,0.750000);
vertex(-0.195313,0.226563,0.750000);
vertex(0.109375,0.460938,0.609375);
vertex(-0.109375,0.460938,0.609375);
vertex(0.195313,0.664063,0.617188);
vertex(-0.195313,0.664063,0.617188);
vertex(0.335938,0.687500,0.593750);
vertex(-0.335938,0.687500,0.593750);
vertex(0.484375,0.554688,0.554688);
vertex(-0.484375,0.554688,0.554688);
vertex(0.679688,0.453125,0.492188);
vertex(-0.679688,0.453125,0.492188);
vertex(0.796875,0.406250,0.460938);
vertex(-0.796875,0.406250,0.460938);
vertex(0.773438,0.164063,0.375000);
vertex(-0.773438,0.164063,0.375000);
vertex(0.601563,0.000000,0.414063);
vertex(-0.601563,0.000000,0.414063);
vertex(0.437500,-0.093750,0.468750);
vertex(-0.437500,-0.093750,0.468750);
vertex(0.000000,0.898438,0.289063);
vertex(0.000000,0.984375,-0.078125);
vertex(0.000000,-0.195313,-0.671875);
vertex(0.000000,-0.460938,0.187500);
vertex(0.000000,-0.976563,0.460938);
vertex(0.000000,-0.804688,0.343750);
vertex(0.000000,-0.570313,0.320313);
vertex(0.000000,-0.484375,0.281250);
vertex(0.851563,0.234375,0.054688);
vertex(-0.851563,0.234375,0.054688);
vertex(0.859375,0.320313,-0.046875);
vertex(-0.859375,0.320313,-0.046875);
vertex(0.773438,0.265625,-0.437500);
vertex(-0.773438,0.265625,-0.437500);
vertex(0.460938,0.437500,-0.703125);
vertex(-0.460938,0.437500,-0.703125);
vertex(0.734375,-0.046875,0.070313);
vertex(-0.734375,-0.046875,0.070313);
vertex(0.593750,-0.125000,-0.164063);
vertex(-0.593750,-0.125000,-0.164063);
vertex(0.640625,-0.007813,-0.429688);
vertex(-0.640625,-0.007813,-0.429688);
vertex(0.335938,0.054688,-0.664063);
vertex(-0.335938,0.054688,-0.664063);
vertex(0.234375,-0.351563,0.406250);
vertex(-0.234375,-0.351563,0.406250);
vertex(0.179688,-0.414063,0.257813);
vertex(-0.179688,-0.414063,0.257813);
vertex(0.289063,-0.710938,0.382813);
vertex(-0.289063,-0.710938,0.382813);
vertex(0.250000,-0.500000,0.390625);
vertex(-0.250000,-0.500000,0.390625);
vertex(0.328125,-0.914063,0.398438);
vertex(-0.328125,-0.914063,0.398438);
vertex(0.140625,-0.757813,0.367188);
vertex(-0.140625,-0.757813,0.367188);
vertex(0.125000,-0.539063,0.359375);
vertex(-0.125000,-0.539063,0.359375);
vertex(0.164063,-0.945313,0.437500);
vertex(-0.164063,-0.945313,0.437500);
vertex(0.218750,-0.281250,0.429688);
vertex(-0.218750,-0.281250,0.429688);
vertex(0.210938,-0.226563,0.468750);
vertex(-0.210938,-0.226563,0.468750);
vertex(0.203125,-0.171875,0.500000);
vertex(-0.203125,-0.171875,0.500000);
vertex(0.210938,-0.390625,0.164063);
vertex(-0.210938,-0.390625,0.164063);
vertex(0.296875,-0.312500,-0.265625);
vertex(-0.296875,-0.312500,-0.265625);
vertex(0.343750,-0.148438,-0.539063);
vertex(-0.343750,-0.148438,-0.539063);
vertex(0.453125,0.867188,-0.382813);
vertex(-0.453125,0.867188,-0.382813);
vertex(0.453125,0.929688,-0.070313);
vertex(-0.453125,0.929688,-0.070313);
vertex(0.453125,0.851563,0.234375);
vertex(-0.453125,0.851563,0.234375);
vertex(0.460938,0.523438,0.429688);
vertex(-0.460938,0.523438,0.429688);
vertex(0.726563,0.406250,0.335938);
vertex(-0.726563,0.406250,0.335938);
vertex(0.632813,0.453125,0.281250);
vertex(-0.632813,0.453125,0.281250);
vertex(0.640625,0.703125,0.054688);
vertex(-0.640625,0.703125,0.054688);
vertex(0.796875,0.562500,0.125000);
vertex(-0.796875,0.562500,0.125000);
vertex(0.796875,0.617188,-0.117188);
vertex(-0.796875,0.617188,-0.117188);
vertex(0.640625,0.750000,-0.195313);
vertex(-0.640625,0.750000,-0.195313);
vertex(0.640625,0.679688,-0.445313);
vertex(-0.640625,0.679688,-0.445313);
vertex(0.796875,0.539063,-0.359375);
vertex(-0.796875,0.539063,-0.359375);
vertex(0.617188,0.328125,-0.585938);
vertex(-0.617188,0.328125,-0.585938);
vertex(0.484375,0.023438,-0.546875);
vertex(-0.484375,0.023438,-0.546875);
vertex(0.820313,0.328125,-0.203125);
vertex(-0.820313,0.328125,-0.203125);
vertex(0.406250,-0.171875,0.148438);
vertex(-0.406250,-0.171875,0.148438);
vertex(0.429688,-0.195313,-0.210938);
vertex(-0.429688,-0.195313,-0.210938);
vertex(0.890625,0.406250,-0.234375);
vertex(-0.890625,0.406250,-0.234375);
vertex(0.773438,-0.140625,-0.125000);
vertex(-0.773438,-0.140625,-0.125000);
vertex(1.039063,-0.101563,-0.328125);
vertex(-1.039063,-0.101563,-0.328125);
vertex(1.281250,0.054688,-0.429688);
vertex(-1.281250,0.054688,-0.429688);
vertex(1.351563,0.320313,-0.421875);
vertex(-1.351563,0.320313,-0.421875);
vertex(1.234375,0.507813,-0.421875);
vertex(-1.234375,0.507813,-0.421875);
vertex(1.023438,0.476563,-0.312500);
vertex(-1.023438,0.476563,-0.312500);
vertex(1.015625,0.414063,-0.289063);
vertex(-1.015625,0.414063,-0.289063);
vertex(1.187500,0.437500,-0.390625);
vertex(-1.187500,0.437500,-0.390625);
vertex(1.265625,0.289063,-0.406250);
vertex(-1.265625,0.289063,-0.406250);
vertex(1.210938,0.078125,-0.406250);
vertex(-1.210938,0.078125,-0.406250);
vertex(1.031250,-0.039063,-0.304688);
vertex(-1.031250,-0.039063,-0.304688);
vertex(0.828125,-0.070313,-0.132813);
vertex(-0.828125,-0.070313,-0.132813);
vertex(0.921875,0.359375,-0.218750);
vertex(-0.921875,0.359375,-0.218750);
vertex(0.945313,0.304688,-0.289063);
vertex(-0.945313,0.304688,-0.289063);
vertex(0.882813,-0.023438,-0.210938);
vertex(-0.882813,-0.023438,-0.210938);
vertex(1.039063,0.000000,-0.367188);
vertex(-1.039063,0.000000,-0.367188);
vertex(1.187500,0.093750,-0.445313);
vertex(-1.187500,0.093750,-0.445313);
vertex(1.234375,0.250000,-0.445313);
vertex(-1.234375,0.250000,-0.445313);
vertex(1.171875,0.359375,-0.437500);
vertex(-1.171875,0.359375,-0.437500);
vertex(1.023438,0.343750,-0.359375);
vertex(-1.023438,0.343750,-0.359375);
vertex(0.843750,0.289063,-0.210938);
vertex(-0.843750,0.289063,-0.210938);
vertex(0.835938,0.171875,-0.273438);
vertex(-0.835938,0.171875,-0.273438);
vertex(0.757813,0.093750,-0.273438);
vertex(-0.757813,0.093750,-0.273438);
vertex(0.820313,0.085938,-0.273438);
vertex(-0.820313,0.085938,-0.273438);
vertex(0.843750,0.015625,-0.273438);
vertex(-0.843750,0.015625,-0.273438);
vertex(0.812500,-0.015625,-0.273438);
vertex(-0.812500,-0.015625,-0.273438);
vertex(0.726563,0.000000,-0.070313);
vertex(-0.726563,0.000000,-0.070313);
vertex(0.718750,-0.023438,-0.171875);
vertex(-0.718750,-0.023438,-0.171875);
vertex(0.718750,0.039063,-0.187500);
vertex(-0.718750,0.039063,-0.187500);
vertex(0.796875,0.203125,-0.210938);
vertex(-0.796875,0.203125,-0.210938);
vertex(0.890625,0.242188,-0.265625);
vertex(-0.890625,0.242188,-0.265625);
vertex(0.890625,0.234375,-0.320313);
vertex(-0.890625,0.234375,-0.320313);
vertex(0.812500,-0.015625,-0.320313);
vertex(-0.812500,-0.015625,-0.320313);
vertex(0.851563,0.015625,-0.320313);
vertex(-0.851563,0.015625,-0.320313);
vertex(0.828125,0.078125,-0.320313);
vertex(-0.828125,0.078125,-0.320313);
vertex(0.765625,0.093750,-0.320313);
vertex(-0.765625,0.093750,-0.320313);
vertex(0.843750,0.171875,-0.320313);
vertex(-0.843750,0.171875,-0.320313);
vertex(1.039063,0.328125,-0.414063);
vertex(-1.039063,0.328125,-0.414063);
vertex(1.187500,0.343750,-0.484375);
vertex(-1.187500,0.343750,-0.484375);
vertex(1.257813,0.242188,-0.492188);
vertex(-1.257813,0.242188,-0.492188);
vertex(1.210938,0.085938,-0.484375);
vertex(-1.210938,0.085938,-0.484375);
vertex(1.046875,0.000000,-0.421875);
vertex(-1.046875,0.000000,-0.421875);
vertex(0.882813,-0.015625,-0.265625);
vertex(-0.882813,-0.015625,-0.265625);
vertex(0.953125,0.289063,-0.343750);
vertex(-0.953125,0.289063,-0.343750);
vertex(0.890625,0.109375,-0.328125);
vertex(-0.890625,0.109375,-0.328125);
vertex(0.937500,0.062500,-0.335938);
vertex(-0.937500,0.062500,-0.335938);
vertex(1.000000,0.125000,-0.367188);
vertex(-1.000000,0.125000,-0.367188);
vertex(0.960938,0.171875,-0.351563);
vertex(-0.960938,0.171875,-0.351563);
vertex(1.015625,0.234375,-0.375000);
vertex(-1.015625,0.234375,-0.375000);
vertex(1.054688,0.187500,-0.382813);
vertex(-1.054688,0.187500,-0.382813);
vertex(1.109375,0.210938,-0.390625);
vertex(-1.109375,0.210938,-0.390625);
vertex(1.085938,0.273438,-0.390625);
vertex(-1.085938,0.273438,-0.390625);
vertex(1.023438,0.437500,-0.484375);
vertex(-1.023438,0.437500,-0.484375);
vertex(1.250000,0.468750,-0.546875);
vertex(-1.250000,0.468750,-0.546875);
vertex(1.367188,0.296875,-0.500000);
vertex(-1.367188,0.296875,-0.500000);
vertex(1.312500,0.054688,-0.531250);
vertex(-1.312500,0.054688,-0.531250);
vertex(1.039063,-0.085938,-0.492188);
vertex(-1.039063,-0.085938,-0.492188);
vertex(0.789063,-0.125000,-0.328125);
vertex(-0.789063,-0.125000,-0.328125);
vertex(0.859375,0.382813,-0.382813);
vertex(-0.859375,0.382813,-0.382813);
vertex(-1.023438,0.476563,-0.312500);
vertex(-1.234375,0.507813,-0.421875);
vertex(-0.890625,0.406250,-0.234375);
vertex(-0.820313,0.328125,-0.203125);
